1 1 0.0305312436393
1 2 0.0
1 3 0.0152656218197
1 4 0.773101974354
1 5 0.0860472216568
1 6 0.0950539385304
2 1 0.0
2 2 0.159936238045
2 3 0.0159404888417
2 4 0.824123273114
2 5 0.0
2 6 0.0
3 1 0.0
3 2 0.0
3 3 0.334229390681
3 4 0.665770609319
3 5 0.0
3 6 0.0
4 1 0.365308785566
4 2 0.0530055884939
4 3 0.00550338997475
4 4 0.545360415307
4 5 0.00642534963547
4 6 0.0243964710221
5 1 0.0
5 2 0.0
5 3 0.0289065772937
5 4 0.289065772937
5 5 0.565563468789
5 6 0.11646418098
6 1 0.0
6 2 0.0
6 3 0.0448962304108
6 4 0.46124523507
6 5 0.0
6 6 0.493858534519
